4	3.3501945
6	0.50805194
9	0.18889084
13	0.087904393
18	0.046025776
24	0.026140523
31	0.015811408
39	0.01006452
48	0.0066831639
58	0.0045983673
69	0.0032609083
81	0.0023731609
94	0.0017662855
108	0.001340612
123	0.0010352141
139	0.00081168434
156	0.00064513945
174	0.00051906012
193	0.00042223658
213	0.00034691024
234	0.00028761424
256	0.00024043323
279	0.00020252108
303	0.00017178049
328	0.00014664646
354	0.00012593766
381	0.00010875271
409	9.4397038e-05
438	8.2330444e-05
468	7.2129151e-05
499	6.3458039e-05
531	5.6050087e-05
564	4.9691027e-05
598	4.4207778e-05
633	3.9459645e-05
669	3.5331586e-05
706	3.1729007e-05
744	2.8573713e-05
783	2.5800744e-05
823	2.3355876e-05
864	2.1193642e-05
906	1.9275753e-05
949	1.7569834e-05
993	1.6048402e-05
1038	1.4688039e-05
1084	1.3468723e-05
1131	1.2373273e-05
1179	1.13869e-05
1228	1.0496833e-05
1278	9.6920117e-06
1329	8.9628295e-06
1381	8.3009176e-06
1434	7.6989683e-06
1488	7.1505817e-06
1543	6.6501422e-06
1599	6.1927073e-06
